7161 8055 9639

2810 3954 6559 10960 11993 12286
2810 6559 10960 12286
4069 6382 7593 12010 12912
2508 2864 12372
707 1316 1535 2851 3438 3540 4063 4231 10615 10729 11071 11273 11459 11555 12376 13738 14427 14434
6
18 23 87 302 315 829 1044 1497 1571 1729 1747 1918 2010 2013 2079 2224 2379 2578 2652 3025 3094 3111 3409 3623 3688 4304 4991 5121 5283 5537 5593 5724 5868 6065 6275 6340 6709 7001 7130 7199 7286 7355 7358 7455 7481 7974 8085 8091 8130 8222 8227 8707 8780 8882 9047 9158 9161 9178 10068 10222 10291 10822 11196 11428 12059 12067 12443 13704
5206 10615






356 1919 2508 2853 2864 4890 6062 6338 6941 10302 10693 12372
1 19 45 59 93 97 180 193 200 214 247 298 304 331 362 366 372 387 393 401 411 424 436 440 474 496 518 547 558 677 682 706 709 714 732 733 748 768 849 853 856 944 960 982 1000 1003 1085 1104 1185 1203 1243 1257 1260 1306 1312 1340 1366 1388 1412 1535 1562 1590 1606 1634 1718 1735 1739 1741 1771 1777 1787 1798 1801 1836 1839 1845 1847 1862 1918 1931 1943 1949 1960 1976 1982 1996 2001 2022 2024 2064 2087 2095 2099 2107 2115 2118 2159 2169 2228 2246 2257 2273 2357 2375 2376 2405 2428 2491 2495 2497 2500 2508 2521 2532 2534 2542 2544 2546 2553 2564 2570 2637 2638 2650 2660 2663 2699 2718 2728 2741 2747 2775 2799 2828 2857 2864 2896 2902 2917 2924 2966 2971 2975 3002 3008 3013 3023 3025 3028 3039 3072 3094 3095 3096 3104 3135 3192 3198 3216 3261 3264 3267 3283 3298 3305 3313 3320 3324 3329 3333 3336 3339 3340 3349 3351 3370 3381 3394 3399 3409 3411 3413 3415 3420 3429 3435 3488 3491 3492 3514 3524 3534 3539 3547 3556 3573 3612 3701 3744 3747 3762 3766 3775 3796 3797 3825 3847 3897 3904 3912 3918 3920 3991 4026 4027 4032 4033 4058 4061 4088 4096 4107 4133 4135 4153 4167 4174 4178 4204 4229 4235 4267 4282 4289 4303 4314 4318 4323 4356 4369 4371 4465 4477 4503 4514 4518 4548 4564 4577 4591 4593 4606 4617 4623 4659 4666 4689 4711 4733 4740 4748 4772 4798 4848 4884 4893 4910 4933 4951 4952 4970 4988 5003 5033 5091 5109 5117 5121 5156 5177 5222 5223 5232 5258 5269 5284 5286 5291 5292 5293 5303 5309 5320 5331 5340 5352 5357 5411 5429 5442 5445 5455 5487 5507 5511 5537 5611 5620 5648 5655 5661 5672 5702 5708 5734 5739 5754 5756 5789 5889 5935 5955 5965 6006 6079 6082 6085 6090 6092 6093 6127 6128 6156 6157 6176 6178 6180 6209 6225 6277 6296 6317 6326 6331 6338 6346 6359 6402 6407 6410 6412 6430 6432 6433 6441 6442 6445 6463 6471 6585 6603 6630 6639 6665 6714 6719 6720 6742 6805 6815 6819 6846 6869 6882 6887 6909 6928 6930 6998 7068 7071 7088 7119 7160 7240 7247 7253 7308 7319 7326 7342 7352 7356 7366 7391 7466 7471 7538 7562 7566 7570 7571 7576 7587 7593 7614 7635 7659 7698 7747 7749 7784 7789 7814 7867 7912 7927 7969 7977 7979 7983 8010 8012 8023 8055 8074 8085 8091 8097 8098 8115 8130 8145 8151 8176 8177 8189 8193 8205 8210 8222 8224 8225 8234 8320 8361 8401 8413 8421 8438 8441 8472 8496 8497 8509 8512 8514 8535 8558 8561 8604 8618 8675 8685 8688 8689 8690 8691 8707 8709 8711 8730 8744 8778 8822 8823 8836 8849 8856 8918 8932 8944 8947 8961 8975 8998 9036 9047 9060 9068 9075 9087 9088 9100 9110 9155 9230 9246 9252 9264 9277 9279 9283 9285 9336 9361 9363 9374 9382 9406 9443 9450 9488 9526 9539 9550 9557 9582 9637 9638 9642 9650 9718 9733 9742 9746 9755 9793 9801 9844 9850 9861 9872 9892 9954 9971 9975 9976 9978 10005 10065 10073 10078 10080 10106 10139 10168 10238 10246 10268 10305 10311 10335 10361 10375 10382 10403 10406 10423 10429 10432 10455 10462 10498 10505 10508 10537 10539 10548 10584 10586 10674 10676 10694 10695 10704 10734 10752 10760 10768 10773 10784 10790 10797 10843 10867 10893 10918 10931 11029 11074 11101 11144 11161 11171 11177 11193 11200 11234 11237 11239 11251 11253 11257 11265 11273 11279 11285 11289 11292 11295 11299 11330 11344 11373 11380 11387 11399 11402 11449 11475 11490 11492 11504 11514 11526 11574 11584 11597 11602 11661 11684 11694 11723 11746 11762 11763 11768 11794 11798 11872 11888 11905 11915 11920 11933 11968 11983 11997 12002 12009 12032 12044 12049 12052 12054 12138 12139 12146 12156 12191 12195 12237 12249 12261 12275 12281 12298 12305 12317 12372 12374 12383 12386 12399 12409 12415 12423 12426 12443 12449 12454 12485 12492 12532 12557 12579 12753 12762 12767 12768 12786 12790 12797 12802 12810 12834 12836 12846 12858 12875 12917 12943 12948 12965 12978 12981 13041 13062 13072 13085 13099 13124 13168 13179 13188 13245 13263 13265 13320 13393 13404 13542 13729 13775 13790 13963 13966 14131 14201 14211 14297 14298 14376 14434 14491 14504 14629 14736 14761
180 193 197 256 504 852 856 874 921 938 1104 1123 1239 1252 1269 1478 1506 1533 1557 1582 1588 1674 1809 1871 1959 2074 2095 2168 2367 2405 2417 2425 2508 2601 2697 2746 2857 2864 3249 3306 3352 3421 3556 3594 3609 3743 3888 3973 4026 4039 4129 4231 4490 4552 4595 5070 5189 5193 5235 5258 5376 5473 5561 5611 5639 5660 5711 5761 5788 5868 5941 5964 5973 6086 6127 6209 6603 6926 6941 7062 7103 7260 7326 7344 7893 7940 8003 8145 8158 8200 8413 8635 8667 8800 9406 9445 9608 9617 9849 10049 10124 10264 10268 10375 10694 10704 10780 10830 11000 11175 11224 11380 11392 11487 11580 11587 11753 11886 12002 12372 12407 12436 12466 12488 12563 12763 12806 12986 13039 13115 13404 13946
