8533 11289 5284 12285 11488 5476 3766 5373 10650 12312
8533 11289 5284 12285 11488 5476 3766 5373 10650 12312
5054 4991 1497 3025 6275 12067 7286 6709 1488 87
5054 4991 3025 6275 12067 7286 1488 6709 1497 87
11610 9588 7920 11612 8120 14360 12081 7921 5694 6917
1777 4356 10487 12209 1809 11830 10228 5808 9470 7135

12014 13173 1853 9240 3901 3996 12224 12361 12254 1907
8609 10097 6465 8632 4474 9283 9382 3684 8611 3285
5721 8378 7942 9587 6801 10585 6364 10412 5982 10215

4486 7637 5688 7387 5861 13919 3076 11944 7020 8182
4486 7637 5688 7387 5861 13919 3076 11944 7020 8182
12923 7500 2767 10494 3862 8161 10712 2623 9675 3957
11041 12841 7429 12760 5866 3473 6998 11519 7669 14779
1361 8692 8699 361 8637 4630
12593 12588 1581 3199 13144 11449 9539 1835 153 11078
12593 12588 1581 3199 13144 11449 9539 1835 153 11078
11768
5870 4781