7149 5845 4889 11903 12235 1934 12162 5148 12091 12185
11107 2410 5845 4889 11903 12162 3469 12235 168 11104
2169 3611 7205 2171 9958 9304 6666 2232 3928 129
2946 9128 3702 129 9129 2176 8533 315 4122 10471
9412 3083 3025 9423 3094 5121 3161 11888 9047 4893
9412 3083 9423 3025 3094 5121 3161 11888 9047 4893
12923 7500 2767 10494 3862 8161 10712 2623 9675 3957
11041 12841 7429 12760 5866 3473 6998 11519 7669 14779
11768 
5870 4781
4330 12014 1853 10611 5783 8577 12843 13834 12757 4277
10815 9587 7191 13205 10508 5659 1526 11579 7810 4237
4516 78 12229 11934 12969 4519 7421 10155 80 10156
514 8144 13398 9565 9988 5439 2626 2683 4298 522
11065 1273 5791 8554 12278 3737 14512 6751 12257 12737
3611 3616 12411 1436 6484 9304 14146 343 3228 12117
6342 267 5152 6344 8086 8149 5315 10324 4138 908
1799 3354 459 834 3181 14558 127 2046 543 6371
1989 4761 8429 1719 4959 10685 1741 1686 9723 3370
12433 12817 11801 6983 283 4062 7188 2098 13185 11100
9570 14340 12935 241 8213 1094 10860 8554 12009 11392
11384 129 3507 8533 368 2176 10191 10506 10471 9015
798 2226 7940