7149 4889 11903 5845 12235 1934 12162 5148 12091 11179 
11107 2410 4889 12162 11903 5845 3469 12235 168 1801 
3611 2169 2171 7205 9958 9304 6666 2232 129 3928 
2946 9128 3702 129 9129 8533 2176 4122 315 11384 
9412 3083 3025 9423 3094 5121 3161 11888 9047 4893 
9412 3083 9423 3025 3094 5121 3161 11888 9047 4893 
12923 7500 2767 10494 3862 10712 8161 9675 2623 3957 
11041 12841 7429 12760 5866 3473 6998 11519 7669 14779 
11768 
5870 4781 
4330 12014 1853 10611 5783 12843 8577 13834 12757 4277 
10815 9587 10508 13205 7191 5659 1526 11579 7810 4237 
4516 78 12229 11934 12969 10155 7421 4519 80 10156 
514 13398 8144 9565 9988 2626 5439 2683 4298 11425 
11065 1273 5791 8554 12278 3737 12257 6239 6751 12737 
12411 3616 3611 6484 1436 9304 14146 343 3228 12117 
6342 267 5152 6344 8086 8149 5315 10324 4138 908 
1799 3354 459 834 3181 14558 127 6371 2046 11723 
8402 1989 10815 8429 4761 9668 4959 1719 10685 3377 
12817 12433 11801 6983 283 4062 7188 13185 2098 11100 
9570 14340 12935 241 8213 1094 10860 8554 12009 11071 
11384 129 3507 8533 368 10191 2176 10506 10471 9015 
798 2226 7940 
